--- Reconstruction Complete ---
Total processed events saved: 95
140.124
209.535
305.76
92.9952
92.2794
89.3916
461.702
190.204
200.393
206.292
88.6792
191.826
287.395
91.8124
191.051
214.774
113.797
548.466
180.432
192.952
90.0232
86.3524
90.7591
89.811
243.863
164.028
233.47
197.662
196.543
228.602
177.545
742.147
251.982
357.322
84.643
89.3961
86.2893
203.864
180.994
125.343
389.964
144.447
199.579
547.075
337.725
270.335
255.276
184.108
262.809
96.3123
212.392
92.3617
213.102
91.3068
122.002
183.367
87.3007
238.691
95.1959
86.6563
91.6895
435.342
322.625
100.867
253.442
243.911
205.712
242.494
246.277
198.428
90.0214
90.113
118.801
89.3223
85.8036
196.804
279.212
200.388
144.325
109.725
121.805
90.7564
182.484
144.839
100.179
446.409
188.527
188.506
232.596
172.723
95.8819
316.984
258.306
182.856
214.474
